544
510
475
439
403
366
328
290
252
213
174
134
95
55
15
-24
-64
-104
-144
-183
-222
-261
-300
-337
-375
-412
-448
-483
-518
-552
-584
-616
-647
-677
-706
-734
-760
-786
-810
-833
-854
-874
-893
-910
-926
-940
-953
-964
-974
-982
-989
-994
-997
-999
-999
-998
-995
-991
-984
-977
-967
-957
-944
-930
-915
-898
-880
-860
-839
-817
-793
-768
-742
-715
-686
-656
-626
-594
-562
-528
-494
-458
-423
-386
-349
-311
-273
-234
-195
-156
-116
-76
-36
3
43
83
122
162
201
240
279
317
355
392
428
464
499
533
567
599
631
661
691
719
746
772
797
821
843
864
883
901
918
933
946
958
969
978
985
991
996
998
999
999
997
993
988
981
973
963
951
938
923
907
890
871
851
829
806
782
756
730
702
673
642
611
579
546
512
478
442
406
369
331
293
255
216
177
137
98
58
18
-21
-61
-101
-141
-180
-219
-258
-297
-334
-372
-409
-445
-480
-515
-549
-582
-614
-645
-675
-704
-732
-758
-784
-808
-831
-852
-873
-891
-909
-925
-939
-952
-963
-973
-982
-988
-994
-997
-999
-999
-998
-995
-991
-985
-977
-968
-958
-945
-932
-916
-900
-881
-862
-841
-819
-795
-770
-744
-717
-688
-659
-628
-597
-564
-531
-496
-461
-425
-389
-352
-314
-276
-237
-198
-159
-119
-79
-39
0
39
79
119
159
198
237
276
314
352
389
425
461
496
531
564
597
628
659
688
717
744
770
795
819
841
862
881
900
916
932
945
958
968
977
985
991
995
998
999
999
997
994
988
982
973
963
952
939
925
909
891
873
852
831
808
784
758
732
704
675
645
614
582
549
515
480
445
409
372
334
297
258
219
180
141
101
61
21
-18
-58
-98
-137
-177
-216
-255
-293
-331
-369
-406
-442
-478
-512
-546
-579
-611
-642
-673
-702
-730
-756
-782
-806
-829
-851
-871
-890
-907
-923
-938
-951
-963
-973
-981
-988
-993
-997
-999
-999
-998
-996
-991
-985
-978
-969
-958
-946
-933
-918
-901
-883
-864
-843
-821
-797
-772
-746
-719
-691
-661
-631
-599
-567
-533
-499
-464
-428
-392
-355
-317
-279
-240
-201
-162
-122
-83
-43
-3
36
76
116
156
195
234
273
311
349
386
423
458
494
528
562
594
626
656
686
715
742
768
793
817
839
860
880
898
915
930
944
957
967
977
984
991
995
998
999
999
997
994
989
982
974
964
953
940
926
910
893
874
854
833
810
786
760
734
706
677
647
616
584
552
518
483
448
412
375
337
300
261
222
183
144
104
64
24
-15
-55
-95
-134
-174
-213
-252
-290
-328
-366
-403
-439
-475
-510
