0.5440211108893698
0.5100320402437544
0.4752270271347798
0.43966175215875003
0.4033931121687696
0.3664791292519284
0.32897885790632714
0.2909522905664908
0.2524602616282581
0.2135643501267387
0.17432678122297965
0.1348103266569955
0.09507820432636095
0.05519397715107451
0.015221451386431743
-0.024775425453357765
-0.06473266689756589
-0.10458634988363526
-0.14427271702045727
-0.183728278586583
-0.22288991410024764
-0.2616949732986626
-0.300081376365085
-0.3379877132432676
-0.37535334188046277
-0.4121184852417566
-0.4482243269405849
-0.4836131053324
-0.5182282059209767
-0.5520142519295329
-0.5849171928917617
-0.6168843911210448
-0.6478647059195175
-0.6778085753922867
-0.706668095735878
-0.7343970978741133
-0.7609512213187744
-0.7862879851369292
-0.8103668559113548
-0.833149312585366
-0.8545989080882805
-0.8746813276429652
-0.893364443662152
-0.9106183671457304
-0.9264154954967662
-0.9407305566797731
-0.9535406496505743
-0.9648252809930913
-0.974566397704435
-0.9827484160758622
-0.9893582466233818
-0.9943853150281404
-0.9978215790530743
-0.9996615414087742
-0.9999022585479752
-0.998543345374605
-0.9955869758598548
-0.9910378795642898
-0.9849033340715608
-0.977193153345823
-0.9679196720314863
-0.9570977257204173
-0.9447446272181538
-0.9308801388471136
-0.9155264408310892
-0.8987080958116269
-0.8804520095530339
-0.8607873878989017
-0.8397456900489795
-0.8173605782311729
-0.7936678638491527
-0.7687054501917558
-0.7425132717958017
-0.7151332305593578
-0.6866091287076385
-0.6569865987187891
-0.6263130303216559
-0.5946374946823286
-0.562010665900743
-0.5284847399429308
-0.49411335113860816
-0.4589514863776903
-0.42305539714299684
-0.38648250951987934
-0.3492913323267357
-0.31154136351337786
-0.27329299497701326
-0.23460741594807993
-0.19554651510054424
-0.15617278154321104
-0.11654920485049364
-0.07673917429251803
-0.03680637742582692
0.0031853017931388786
0.04317188520872868
0.08308940281749728
0.12287399510655005
0.1624620152151542
0.2017901307561289
0.2407954251341592
0.27941549819892586
0.31758856607203484
0.35525355998804264
0.39235022399145386
0.4288192113333959
0.46460217941375737
0.49964188311690244
0.5338822663916443
0.5672685519289686
0.5997473287940438
0.6312666378723216
0.6617760549930376
0.6912267715971271
0.7195716728205082
0.746765412867813
0.7727644875559877
0.7975273039117043
0.821014246711247
0.8431877418564167
0.8640123164850744
0.8834546557201531
0.9014836559663548
0.918070474669267
0.9331885764572976
0.9468137755926089
0.9589242746631385
0.9695006994538088
0.9785261299411385
0.9859861273616704
0.9918687573109126
0.9961646088358407
0.9988668094904142
0.9999710363300245
0.999475522827284
0.9973810616980933
0.9936910036334644
0.9884112519391305
0.9815502530915153
0.9731189832251737
0.9631309305733164
0.9516020738895158
0.9385508568851079
0.9239981587231879
0.9079672606164054
0.8904838085819885
0.8715757724135882
0.8512734009355745
0.8296091736113709
0.8066177485832405
0.7823359072266528
0.7568024953079282
0.7300583608392995
0.7021462887308054
0.6731109323435617
0.6429987420539088
0.6118578909427189
0.5797381977287428
0.5466910470692868
0.5127693073557235
0.4780272461353425
0.4425204432948521
0.40630570214441636
0.36944095854447667
0.3319851882207337
0.2939983124155672
0.2555411020268308
0.21667508038737918
0.17746242484086058
0.13796586727122728
0.09824859374510868
0.058374143427580086
0.01840630693305381
-0.02159097572609596
-0.06155371742991315
-0.10141798631660186
-0.1411200080598672
-0.18059626789423291
-0.21978361222511694
-0.25861934966111083
-0.2970413513068324
-0.3349881501559051
-0.3723990394250557
-0.40921416967201774
-0.44537464454187153
-0.48082261498864864
-0.5155013718214645
-0.549355436427127
-0.5823306495240822
-0.6143742578057121
-0.6454349983343711
-0.6754631805511513
-0.7044107657701766
-0.7322314440302511
-0.7588807081809218
-0.7843159250844198
-0.8084964038195901
-0.8313834607786831
-0.8529404815528762
-0.8731329795075164
-0.8919286509533796
-0.9092974268256817
-0.9252115207881686
-0.9396454736853249
-0.9525761942715957
-0.9639829961524482
-0.973847630878195
-0.9821543171376185
-0.9888897660047014
-0.994043202198076
-0.9976063813191737
-0.9995736030415052
-0.9999417202299663
-0.998710143975583
-0.9958808445376401
-0.9914583481916864
-0.9854497299884603
-0.977864602435316
-0.9687151001182653
-0.9580158602892248
-0.9457839994495391
-0.9320390859672261
-0.916803108771767
-0.9001004421765046
-0.8819578068849475
-0.862404227243338
-0.8414709848078965
-0.8191915683009977
-0.795601620036366
-0.7707388788989686
-0.7446431199708592
-0.717356090899522
-0.6889214451105512
-0.6593846719714737
-0.6287930240184683
-0.5971954413623926
-0.564642473395035
-0.5311861979208838
-0.49688013784373636
-0.4617791755414833
-0.42593946506599917
-0.3894183423086508
-0.35227423327508944
-0.31456656061611804
-0.2763556485641131
-0.2377026264271348
-0.19866933079506052
-0.15931820661424612
-0.11971220728891858
-0.07991469396917276
-0.03998933418663331
0.0
0.039989334186635084
0.07991469396917276
0.11971220728892035
0.15931820661424612
0.19866933079506227
0.2377026264271348
0.2763556485641131
0.31456656061611804
0.35227423327508944
0.3894183423086508
0.42593946506599917
0.4617791755414833
0.49688013784373636
0.5311861979208838
0.564642473395035
0.5971954413623926
0.6287930240184683
0.6593846719714737
0.6889214451105512
0.7173560908995232
0.7446431199708592
0.7707388788989697
0.795601620036366
0.8191915683009988
0.8414709848078965
0.8624042272433389
0.8819578068849475
0.9001004421765054
0.916803108771767
0.9320390859672267
0.9457839994495391
0.9580158602892248
0.9687151001182653
0.977864602435316
0.9854497299884603
0.9914583481916864
0.9958808445376401
0.998710143975583
0.9999417202299663
0.9995736030415052
0.9976063813191737
0.994043202198076
0.9888897660047014
0.9821543171376185
0.973847630878195
0.9639829961524482
0.9525761942715951
0.9396454736853249
0.9252115207881679
0.9092974268256817
0.8919286509533793
0.8731329795075164
0.8529404815528757
0.8313834607786831
0.8084964038195895
0.7843159250844198
0.7588807081809211
0.7322314440302511
0.7044107657701766
0.6754631805511506
0.6454349983343711
0.6143742578057114
0.5823306495240822
0.5493554364271263
0.5155013718214645
0.48082261498864787
0.44537464454187153
0.4092141696720169
0.3723990394250557
0.3349881501559043
0.2970413513068324
0.25861934966110994
0.21978361222511694
0.18059626789423205
0.1411200080598672
0.10141798631660098
0.06155371742991315
0.02159097572609507
-0.01840630693305381
-0.058374143427580974
-0.09824859374510868
-0.13796586727122817
-0.17746242484086058
-0.21667508038737918
-0.25554110202683167
-0.2939983124155672
-0.33198518822073453
-0.36944095854447667
-0.4063057021444172
-0.4425204432948521
-0.47802724613534325
-0.5127693073557235
-0.5466910470692875
-0.5797381977287428
-0.6118578909427197
-0.6429987420539088
-0.6731109323435623
-0.7021462887308054
-0.7300583608393002
-0.7568024953079282
-0.7823359072266534
-0.8066177485832405
-0.8296091736113713
-0.8512734009355745
-0.8715757724135886
-0.8904838085819885
-0.9079672606164058
-0.9239981587231879
-0.9385508568851075
-0.9516020738895161
-0.9631309305733164
-0.9731189832251739
-0.9815502530915153
-0.9884112519391306
-0.9936910036334644
-0.9973810616980934
-0.999475522827284
-0.9999710363300245
-0.9988668094904142
-0.9961646088358406
-0.9918687573109126
-0.9859861273616701
-0.9785261299411385
-0.9695006994538086
-0.9589242746631385
-0.9468137755926086
-0.9331885764572976
-0.9180704746692666
-0.9014836559663548
-0.8834546557201528
-0.8640123164850744
-0.8431877418564162
-0.821014246711247
-0.7975273039117048
-0.7727644875559871
-0.746765412867813
-0.7195716728205075
-0.6912267715971271
-0.6617760549930369
-0.6312666378723216
-0.599747328794043
-0.5672685519289686
-0.5338822663916435
-0.49964188311690244
-0.4646021794137566
-0.4288192113333959
-0.39235022399145303
-0.35525355998804264
-0.317588566072034
-0.27941549819892586
-0.24079542513416005
-0.20179013075612715
-0.1624620152151533
-0.12287399510655005
-0.08308940281749728
-0.04317188520872691
-0.003185301793137102
0.03680637742582692
0.07673917429251803
0.11654920485049187
0.1561727815432128
0.19554651510054424
0.23460741594807993
0.27329299497701154
0.3115413635133795
0.3492913323267357
0.38648250951987934
0.423055397142996
0.45895148637769184
0.49411335113860894
0.5284847399429308
0.5620106659007423
0.5946374946823301
0.6263130303216565
0.6569865987187891
0.6866091287076378
0.7151332305593592
0.7425132717958024
0.7687054501917558
0.7936678638491527
0.8173605782311739
0.8397456900489805
0.8607873878989017
0.8804520095530339
0.8987080958116277
0.91552644083109
0.9308801388471136
0.9447446272181538
0.9570977257204167
0.9679196720314868
0.977193153345823
0.9849033340715608
0.9910378795642897
0.995586975859855
0.998543345374605
0.9999022585479752
0.9996615414087742
0.9978215790530742
0.9943853150281403
0.9893582466233818
0.9827484160758622
0.9745663977044347
0.9648252809930908
0.9535406496505743
0.9407305566797731
0.9264154954967655
0.9106183671457296
0.893364443662152
0.8746813276429652
0.8545989080882795
0.8331493125853651
0.8103668559113548
0.7862879851369292
0.7609512213187755
0.7343970978741122
0.706668095735878
0.6778085753922867
0.647864705919519
0.6168843911210433
0.5849171928917617
0.5520142519295329
0.5182282059209767
0.48361310533239843
0.4482243269405849
0.4121184852417566
0.37535334188046277
0.33798771324326593
0.30008137636508325
0.2616949732986626
0.22288991410024764
0.18372827858658125
0.14427271702045552
0.10458634988363526
0.06473266689756589
0.02477542545335599
-0.01522145138643352
-0.05519397715107451
-0.09507820432636095
-0.13481032665699375
-0.1743267812229814
-0.2135643501267387
-0.2524602616282581
-0.29095229056648914
-0.3289788579063288
-0.3664791292519284
-0.4033931121687696
-0.4396617521587485
-0.4752270271347814
-0.5100320402437544
